{
    "batchName": "",
    "batchTime": 1670921500,
    "boardConf": "IR-C00M01-00",
    "boardCustom": "",
    "boardName": "DM9098",
    "boardOptions": 4,
    "boardRev": "R6M2E6",
    "cameraData": [
        [
            2,
            {
                "cameraType": 0,
                "distortionCoeff": [
                    -12.131523132324219,
                    116.01717376708984,
                    0.00010934834426734596,
                    -0.0011776634491980076,
                    -81.78080749511719,
                    -12.15629768371582,
                    115.44912719726563,
                    -80.20442199707031,
                    0.0,
                    0.0,
                    0.0,
                    0.0,
                    0.0,
                    0.0
                ],
                "extrinsics": {
                    "rotationMatrix": [
                        [
                            0.9996318221092224,
                            0.007416692096740007,
                            0.026101145893335342
                        ],
                        [
                            -0.007281273603439331,
                            0.9999595284461975,
                            -0.0052794539369642735
                        ],
                        [
                            -0.02613924629986286,
                            0.005087460391223431,
                            0.9996453523635864
                        ]
                    ],
                    "specTranslation": {
                        "x": 3.75,
                        "y": 0.0,
                        "z": 0.0
                    },
                    "toCameraSocket": 0,
                    "translation": {
                        "x": 3.708524465560913,
                        "y": -0.05118192359805107,
                        "z": -0.23238492012023926
                    }
                },
                "height": 800,
                "intrinsicMatrix": [
                    [
                        801.392578125,
                        0.0,
                        655.7677001953125
                    ],
                    [
                        0.0,
                        801.392578125,
                        421.8138427734375
                    ],
                    [
                        0.0,
                        0.0,
                        1.0
                    ]
                ],
                "lensPosition": 0,
                "specHfovDeg": 71.86000061035156,
                "width": 1280
            }
        ],
        [
            1,
            {
                "cameraType": 0,
                "distortionCoeff": [
                    -11.444245338439941,
                    103.58570098876953,
                    -0.000558599247597158,
                    0.0008701981278136373,
                    -81.55264282226563,
                    -11.481188774108887,
                    103.1744155883789,
                    -80.3288803100586,
                    0.0,
                    0.0,
                    0.0,
                    0.0,
                    0.0,
                    0.0
                ],
                "extrinsics": {
                    "rotationMatrix": [
                        [
                            0.9991400837898254,
                            -0.003378783818334341,
                            -0.0413237027823925
                        ],
                        [
                            0.003941510338336229,
                            0.9999005198478699,
                            0.013543641194701195
                        ],
                        [
                            0.04127383232116699,
                            -0.013694873079657555,
                            0.9990540146827698
                        ]
                    ],
                    "specTranslation": {
                        "x": -7.5,
                        "y": 0.0,
                        "z": 0.0
                    },
                    "toCameraSocket": 2,
                    "translation": {
                        "x": -7.485920429229736,
                        "y": -0.010772649198770523,
                        "z": -0.07652240246534348
                    }
                },
                "height": 800,
                "intrinsicMatrix": [
                    [
                        795.7947998046875,
                        0.0,
                        653.9287109375
                    ],
                    [
                        0.0,
                        795.7947998046875,
                        401.5556640625
                    ],
                    [
                        0.0,
                        0.0,
                        1.0
                    ]
                ],
                "lensPosition": 0,
                "specHfovDeg": 71.86000061035156,
                "width": 1280
            }
        ],
        [
            0,
            {
                "cameraType": 0,
                "distortionCoeff": [
                    50.090370178222656,
                    -333.43023681640625,
                    0.0006054075784049928,
                    -0.0004476364119909704,
                    816.6561889648438,
                    49.446739196777344,
                    -330.46429443359375,
                    808.6813354492188,
                    0.0,
                    0.0,
                    0.0,
                    0.0,
                    0.0,
                    0.0
                ],
                "extrinsics": {
                    "rotationMatrix": [
                        [
                            0.0,
                            0.0,
                            0.0
                        ],
                        [
                            0.0,
                            0.0,
                            0.0
                        ],
                        [
                            0.0,
                            0.0,
                            0.0
                        ]
                    ],
                    "specTranslation": {
                        "x": -0.0,
                        "y": -0.0,
                        "z": -0.0
                    },
                    "toCameraSocket": -1,
                    "translation": {
                        "x": 0.0,
                        "y": 0.0,
                        "z": 0.0
                    }
                },
                "height": 2160,
                "intrinsicMatrix": [
                    [
                        3083.732421875,
                        0.0,
                        1930.855712890625
                    ],
                    [
                        0.0,
                        3083.732421875,
                        1011.2836303710938
                    ],
                    [
                        0.0,
                        0.0,
                        1.0
                    ]
                ],
                "lensPosition": 0,
                "specHfovDeg": 68.7938003540039,
                "width": 3840
            }
        ]
    ],
    "deviceName": "",
    "hardwareConf": "F1-FV00-BC001",
    "housingExtrinsics": {
        "rotationMatrix": [],
        "specTranslation": {
            "x": 0.0,
            "y": 0.0,
            "z": 0.0
        },
        "toCameraSocket": -1,
        "translation": {
            "x": 0.0,
            "y": 0.0,
            "z": 0.0
        }
    },
    "imuExtrinsics": {
        "rotationMatrix": [
            [
                0.0,
                0.0,
                0.0
            ],
            [
                0.0,
                0.0,
                0.0
            ],
            [
                0.0,
                0.0,
                0.0
            ]
        ],
        "specTranslation": {
            "x": 0.0,
            "y": 0.0,
            "z": 0.0
        },
        "toCameraSocket": -1,
        "translation": {
            "x": 0.0,
            "y": 0.0,
            "z": 0.0
        }
    },
    "miscellaneousData": [],
    "productName": "OAK-D-PRO-FF",
    "stereoEnableDistortionCorrection": false,
    "stereoRectificationData": {
        "leftCameraSocket": 1,
        "rectifiedRotationLeft": [
            [
                0.9995144009590149,
                -0.002079752739518881,
                -0.03109004907310009
            ],
            [
                0.0022916721645742655,
                0.9999743700027466,
                0.0067822290584445
            ],
            [
                0.031075147911906242,
                -0.006850183941423893,
                0.9994935989379883
            ]
        ],
        "rectifiedRotationRight": [
            [
                0.9999467134475708,
                0.0014389780117198825,
                0.010221632197499275
            ],
            [
                -0.001369262463413179,
                0.9999758005142212,
                -0.006824123207479715
            ],
            [
                -0.010231204330921173,
                0.006809763610363007,
                0.9999244809150696
            ]
        ],
        "rightCameraSocket": 2
    },
    "stereoUseSpecTranslation": true,
    "version": 7,
    "verticalCameraSocket": -1
}
