# oST version 5.0 parameters


[image]

width
300

height
300

[narrow_stereo]

camera matrix
438.091890 0.000000 153.620592
0.000000 438.339098 141.516809
0.000000 0.000000 1.000000

distortion
0.237664 -0.497813 -0.005125 0.004286 0.000000

rectification
1.000000 0.000000 0.000000
0.000000 1.000000 0.000000
0.000000 0.000000 1.000000

projection
451.569561 0.000000 154.384434 0.000000
0.000000 451.536424 140.600309 0.000000
0.000000 0.000000 1.000000 0.000000
